id;fecha_inicio;fecha_fin;porcentaje_descuento
1;2022-09-13;2022-09-13;4848
2;2022-09-13;2022-09-13;9008
3;2022-09-13;2022-09-13;87930
4;2022-09-13;2022-09-13;27840
5;2022-09-12;2022-09-13;60281
6;2022-09-13;2022-09-13;92188
7;2022-09-13;2022-09-12;72884
8;2022-09-13;2022-09-12;88012
9;2022-09-12;2022-09-12;6263
10;2022-09-12;2022-09-13;31457
